0.724264 0.940933 10.000000
0.940933 1.157601 0.000000
1.157601 1.374270 2.000000
1.374270 1.590939 0.000000
1.590939 1.807607 0.000000
1.807607 2.024276 48.000000
2.024276 2.240944 59.000000
2.240944 2.457613 148.000000
2.457613 2.674282 0.000000
2.674282 2.890950 0.000000
2.890950 3.107619 0.000000
3.107619 3.324288 0.000000
3.324288 3.540956 0.000000
3.540956 3.757625 124.000000
3.757625 3.974293 0.000000
3.974293 4.190962 57.000000
4.190962 4.407631 0.000000
4.407631 4.624299 21.000000
4.624299 4.840968 0.000000
4.840968 5.057636 36.000000
5.057636 5.274305 0.000000
5.274305 5.490974 0.000000
5.490974 5.707642 0.000000
5.707642 5.924311 0.000000
5.924311 6.140980 0.000000
6.140980 6.357648 0.000000
6.357648 6.574317 0.000000
6.574317 6.790985 0.000000
6.790985 7.007654 115.000000
7.007654 7.224323 0.000000
7.224323 7.440991 0.000000
7.440991 7.657660 2.000000
7.657660 7.874328 0.000000
7.874328 8.090997 0.000000
8.090997 8.307666 9.000000
8.307666 8.524334 0.000000
8.524334 8.741003 0.000000
8.741003 8.957672 0.000000
8.957672 9.174340 0.000000
9.174340 9.391009 146.000000
9.391009 9.607677 0.000000
9.607677 9.824346 0.000000
9.824346 10.041015 1148.000000
10.041015 10.257683 0.000000
10.257683 10.474352 18.000000
10.474352 10.691020 17.000000
10.691020 10.907689 75.000000
10.907689 11.124358 0.000000
11.124358 11.341026 0.000000
11.341026 11.557695 0.000000
11.557695 11.774364 0.000000
11.774364 11.991032 0.000000
11.991032 12.207701 30.000000
12.207701 12.424369 38.000000
12.424369 12.641038 0.000000
12.641038 12.857707 86.000000
12.857707 13.074375 26.000000
13.074375 13.291044 111.000000
13.291044 13.507712 0.000000
13.507712 13.724381 0.000000
13.724381 13.941050 87.000000
13.941050 14.157718 0.000000
14.157718 14.374387 0.000000
14.374387 14.591056 4.000000
14.591056 14.807724 0.000000
14.807724 15.024393 0.000000
15.024393 15.241061 88.000000
15.241061 15.457730 0.000000
15.457730 15.674399 0.000000
15.674399 15.891067 0.000000
15.891067 16.107736 0.000000
16.107736 16.324404 0.000000
16.324404 16.541073 0.000000
16.541073 16.757742 0.000000
16.757742 16.974410 0.000000
16.974410 17.191079 0.000000
17.191079 17.407748 49.000000
17.407748 17.624416 0.000000
17.624416 17.841085 21.000000
17.841085 18.057753 16.000000
18.057753 18.274422 0.000000
18.274422 18.491091 0.000000
18.491091 18.707759 249.000000
18.707759 18.924428 0.000000
18.924428 19.141096 0.000000
19.141096 19.357765 0.000000
19.357765 19.574434 0.000000
19.574434 19.791102 7.000000
19.791102 20.007771 0.000000
20.007771 20.224440 37.000000
20.224440 20.441108 0.000000
20.441108 20.657777 49.000000
20.657777 20.874445 0.000000
20.874445 21.091114 4.000000
21.091114 21.307783 0.000000
21.307783 21.524451 77.000000
21.524451 21.741120 113.000000
21.741120 21.957788 0.000000
21.957788 22.174457 147.000000
22.174457 22.391126 159.000000
22.391126 22.607794 0.000000
22.607794 22.824463 124.000000
22.824463 23.041132 0.000000
23.041132 23.257800 0.000000
23.257800 23.474469 27.000000
23.474469 23.691137 7.000000
23.691137 23.907806 0.000000
23.907806 24.124475 0.000000
24.124475 24.341143 0.000000
24.341143 24.557812 0.000000
24.557812 24.774480 35.000000
24.774480 24.991149 0.000000
24.991149 25.207818 0.000000
25.207818 25.424486 0.000000
25.424486 25.641155 0.000000
25.641155 25.857823 0.000000
25.857823 26.074492 0.000000
26.074492 26.291161 0.000000
26.291161 26.507829 0.000000
26.507829 26.724498 0.000000
26.724498 26.941167 37.000000
26.941167 27.157835 0.000000
27.157835 27.374504 0.000000
27.374504 27.591172 0.000000
27.591172 27.807841 0.000000
27.807841 28.024510 0.000000
28.024510 28.241178 0.000000
28.241178 28.457847 0.000000
28.457847 28.674515 85.000000
28.674515 28.891184 0.000000
28.891184 29.107853 25.000000
29.107853 29.324521 10.000000
29.324521 29.541190 10.000000
29.541190 29.757859 0.000000
29.757859 29.974527 63.000000
29.974527 30.191196 2.000000
30.191196 30.407864 11.000000
30.407864 30.624533 51.000000
30.624533 30.841202 0.000000
30.841202 31.057870 31.000000
31.057870 31.274539 0.000000
31.274539 31.491207 0.000000
31.491207 31.707876 22.000000
31.707876 31.924545 0.000000
31.924545 32.141213 0.000000
32.141213 32.357882 0.000000
32.357882 32.574551 100.000000
32.574551 32.791219 0.000000
32.791219 33.007888 0.000000
33.007888 33.224556 0.000000
33.224556 33.441225 0.000000
33.441225 33.657894 0.000000
33.657894 33.874562 0.000000
33.874562 34.091231 78.000000
34.091231 34.307899 73.000000
34.307899 34.524568 0.000000
34.524568 34.741237 0.000000
34.741237 34.957905 0.000000
34.957905 35.174574 23.000000
35.174574 35.391243 37.000000
35.391243 35.607911 0.000000
35.607911 35.824580 56.000000
35.824580 36.041248 0.000000
36.041248 36.257917 1.000000
36.257917 36.474586 6.000000
36.474586 36.691254 116.000000
36.691254 36.907923 0.000000
36.907923 37.124591 0.000000
37.124591 37.341260 0.000000
37.341260 37.557929 0.000000
37.557929 37.774597 0.000000
37.774597 37.991266 0.000000
37.991266 38.207935 0.000000
38.207935 38.424603 103.000000
38.424603 38.641272 0.000000
38.641272 38.857940 0.000000
38.857940 39.074609 0.000000
39.074609 39.291278 7.000000
39.291278 39.507946 43.000000
39.507946 39.724615 0.000000
39.724615 39.941283 0.000000
39.941283 40.157952 15.000000
40.157952 40.374621 65.000000
40.374621 40.591289 6.000000
40.591289 40.807958 0.000000
40.807958 41.024627 10.000000
41.024627 41.241295 0.000000
41.241295 41.457964 20.000000
41.457964 41.674632 159.000000
41.674632 41.891301 3.000000
41.891301 42.107970 0.000000
42.107970 42.324638 0.000000
42.324638 42.541307 94.000000
42.541307 42.757975 0.000000
42.757975 42.974644 0.000000
42.974644 43.191313 0.000000
43.191313 43.407981 0.000000
43.407981 43.624650 0.000000
43.624650 43.841319 0.000000
43.841319 44.057987 0.000000
