0.147381 0.371537 240.000000
0.371537 0.595693 2078.000000
0.595693 0.819849 2860.000000
0.819849 1.044005 3125.000000
1.044005 1.268161 2939.000000
1.268161 1.492317 2763.000000
1.492317 1.716473 2093.000000
1.716473 1.940629 1970.000000
1.940629 2.164785 2053.000000
2.164785 2.388942 1625.000000
2.388942 2.613098 1671.000000
2.613098 2.837254 1432.000000
2.837254 3.061410 1370.000000
3.061410 3.285566 1568.000000
3.285566 3.509722 1236.000000
3.509722 3.733878 1071.000000
3.733878 3.958034 1226.000000
3.958034 4.182190 1223.000000
4.182190 4.406346 1092.000000
4.406346 4.630503 1011.000000
4.630503 4.854659 949.000000
4.854659 5.078815 889.000000
5.078815 5.302971 1796.000000
5.302971 5.527127 842.000000
5.527127 5.751283 890.000000
5.751283 5.975439 828.000000
5.975439 6.199595 1006.000000
6.199595 6.423751 646.000000
6.423751 6.647907 620.000000
6.647907 6.872063 653.000000
6.872063 7.096220 762.000000
7.096220 7.320376 651.000000
7.320376 7.544532 569.000000
7.544532 7.768688 507.000000
7.768688 7.992844 721.000000
7.992844 8.217000 602.000000
8.217000 8.441156 479.000000
8.441156 8.665312 585.000000
8.665312 8.889468 561.000000
8.889468 9.113624 624.000000
9.113624 9.337781 505.000000
9.337781 9.561937 425.000000
9.561937 9.786093 447.000000
9.786093 10.010249 1985.000000
10.010249 10.234405 384.000000
10.234405 10.458561 413.000000
10.458561 10.682717 389.000000
10.682717 10.906873 350.000000
10.906873 11.131029 333.000000
11.131029 11.355185 346.000000
11.355185 11.579342 311.000000
11.579342 11.803498 263.000000
11.803498 12.027654 321.000000
12.027654 12.251810 275.000000
12.251810 12.475966 312.000000
12.475966 12.700122 241.000000
12.700122 12.924278 225.000000
12.924278 13.148434 366.000000
13.148434 13.372590 324.000000
13.372590 13.596746 376.000000
13.596746 13.820902 223.000000
13.820902 14.045059 408.000000
14.045059 14.269215 281.000000
14.269215 14.493371 208.000000
14.493371 14.717527 317.000000
14.717527 14.941683 290.000000
14.941683 15.165839 243.000000
15.165839 15.389995 305.000000
15.389995 15.614151 224.000000
15.614151 15.838307 217.000000
15.838307 16.062463 298.000000
16.062463 16.286620 272.000000
16.286620 16.510776 243.000000
16.510776 16.734932 329.000000
16.734932 16.959088 203.000000
16.959088 17.183244 191.000000
17.183244 17.407400 211.000000
17.407400 17.631556 529.000000
17.631556 17.855712 202.000000
17.855712 18.079868 174.000000
18.079868 18.304024 174.000000
18.304024 18.528180 261.000000
18.528180 18.752337 305.000000
18.752337 18.976493 405.000000
18.976493 19.200649 246.000000
19.200649 19.424805 230.000000
19.424805 19.648961 287.000000
19.648961 19.873117 221.000000
19.873117 20.097273 200.000000
20.097273 20.321429 278.000000
20.321429 20.545585 449.000000
20.545585 20.769741 159.000000
20.769741 20.993898 160.000000
20.993898 21.218054 227.000000
21.218054 21.442210 237.000000
21.442210 21.666366 235.000000
21.666366 21.890522 133.000000
21.890522 22.114678 217.000000
22.114678 22.338834 120.000000
22.338834 22.562990 135.000000
22.562990 22.787146 224.000000
22.787146 23.011302 98.000000
23.011302 23.235459 152.000000
23.235459 23.459615 174.000000
23.459615 23.683771 129.000000
23.683771 23.907927 165.000000
23.907927 24.132083 184.000000
24.132083 24.356239 152.000000
24.356239 24.580395 194.000000
24.580395 24.804551 204.000000
24.804551 25.028707 199.000000
25.028707 25.252863 124.000000
25.252863 25.477019 136.000000
25.477019 25.701176 206.000000
25.701176 25.925332 195.000000
25.925332 26.149488 173.000000
26.149488 26.373644 222.000000
26.373644 26.597800 296.000000
26.597800 26.821956 210.000000
26.821956 27.046112 138.000000
27.046112 27.270268 187.000000
27.270268 27.494424 192.000000
27.494424 27.718580 221.000000
27.718580 27.942737 160.000000
27.942737 28.166893 166.000000
28.166893 28.391049 194.000000
28.391049 28.615205 185.000000
28.615205 28.839361 141.000000
28.839361 29.063517 159.000000
29.063517 29.287673 303.000000
29.287673 29.511829 235.000000
29.511829 29.735985 293.000000
29.735985 29.960141 402.000000
29.960141 30.184298 240.000000
30.184298 30.408454 303.000000
30.408454 30.632610 267.000000
30.632610 30.856766 148.000000
30.856766 31.080922 103.000000
31.080922 31.305078 225.000000
31.305078 31.529234 104.000000
31.529234 31.753390 128.000000
31.753390 31.977546 99.000000
31.977546 32.201702 127.000000
32.201702 32.425858 260.000000
32.425858 32.650015 160.000000
32.650015 32.874171 164.000000
32.874171 33.098327 114.000000
33.098327 33.322483 144.000000
33.322483 33.546639 155.000000
33.546639 33.770795 173.000000
33.770795 33.994951 152.000000
33.994951 34.219107 184.000000
34.219107 34.443263 79.000000
34.443263 34.667419 213.000000
34.667419 34.891576 158.000000
34.891576 35.115732 186.000000
35.115732 35.339888 47.000000
35.339888 35.564044 140.000000
35.564044 35.788200 139.000000
35.788200 36.012356 168.000000
36.012356 36.236512 198.000000
36.236512 36.460668 370.000000
36.460668 36.684824 110.000000
36.684824 36.908980 208.000000
36.908980 37.133137 119.000000
37.133137 37.357293 119.000000
37.357293 37.581449 107.000000
37.581449 37.805605 138.000000
37.805605 38.029761 92.000000
38.029761 38.253917 85.000000
38.253917 38.478073 271.000000
38.478073 38.702229 224.000000
38.702229 38.926385 132.000000
38.926385 39.150541 57.000000
39.150541 39.374697 212.000000
39.374697 39.598854 149.000000
39.598854 39.823010 134.000000
39.823010 40.047166 221.000000
40.047166 40.271322 98.000000
40.271322 40.495478 131.000000
40.495478 40.719634 139.000000
40.719634 40.943790 145.000000
40.943790 41.167946 80.000000
41.167946 41.392102 88.000000
41.392102 41.616258 145.000000
41.616258 41.840415 101.000000
41.840415 42.064571 107.000000
42.064571 42.288727 71.000000
42.288727 42.512883 101.000000
42.512883 42.737039 88.000000
42.737039 42.961195 125.000000
42.961195 43.185351 141.000000
43.185351 43.409507 92.000000
43.409507 43.633663 162.000000
43.633663 43.857819 176.000000
43.857819 44.081976 103.000000
44.081976 44.306132 228.000000
44.306132 44.530288 64.000000
44.530288 44.754444 104.000000
44.754444 44.978600 305.000000
