7.841304 7.874486 161.000000
7.874486 7.907667 0.000000
7.907667 7.940848 0.000000
7.940848 7.974030 0.000000
7.974030 8.007211 0.000000
8.007211 8.040393 0.000000
8.040393 8.073574 0.000000
8.073574 8.106756 0.000000
8.106756 8.139937 0.000000
8.139937 8.173118 0.000000
8.173118 8.206300 0.000000
8.206300 8.239481 0.000000
8.239481 8.272663 0.000000
8.272663 8.305844 0.000000
8.305844 8.339025 0.000000
8.339025 8.372207 0.000000
8.372207 8.405388 0.000000
8.405388 8.438570 0.000000
8.438570 8.471751 0.000000
8.471751 8.504933 0.000000
8.504933 8.538114 0.000000
8.538114 8.571295 0.000000
8.571295 8.604477 0.000000
8.604477 8.637658 0.000000
8.637658 8.670840 0.000000
8.670840 8.704021 0.000000
8.704021 8.737202 0.000000
8.737202 8.770384 0.000000
8.770384 8.803565 0.000000
8.803565 8.836747 0.000000
8.836747 8.869928 0.000000
8.869928 8.903110 0.000000
8.903110 8.936291 0.000000
8.936291 8.969472 0.000000
8.969472 9.002654 0.000000
9.002654 9.035835 0.000000
9.035835 9.069017 0.000000
9.069017 9.102198 0.000000
9.102198 9.135380 0.000000
9.135380 9.168561 0.000000
9.168561 9.201742 0.000000
9.201742 9.234924 0.000000
9.234924 9.268105 0.000000
9.268105 9.301287 0.000000
9.301287 9.334468 0.000000
9.334468 9.367649 0.000000
9.367649 9.400831 0.000000
9.400831 9.434012 0.000000
9.434012 9.467194 0.000000
9.467194 9.500375 0.000000
9.500375 9.533557 0.000000
9.533557 9.566738 0.000000
9.566738 9.599919 0.000000
9.599919 9.633101 0.000000
9.633101 9.666282 0.000000
9.666282 9.699464 0.000000
9.699464 9.732645 0.000000
9.732645 9.765827 0.000000
9.765827 9.799008 0.000000
9.799008 9.832189 0.000000
9.832189 9.865371 0.000000
9.865371 9.898552 0.000000
9.898552 9.931734 0.000000
9.931734 9.964915 0.000000
9.964915 9.998096 0.000000
9.998096 10.031278 688.000000
10.031278 10.064459 0.000000
10.064459 10.097641 0.000000
10.097641 10.130822 0.000000
10.130822 10.164004 0.000000
10.164004 10.197185 0.000000
10.197185 10.230366 0.000000
10.230366 10.263548 0.000000
10.263548 10.296729 0.000000
10.296729 10.329911 0.000000
10.329911 10.363092 0.000000
10.363092 10.396274 0.000000
10.396274 10.429455 0.000000
10.429455 10.462636 0.000000
10.462636 10.495818 0.000000
10.495818 10.528999 0.000000
10.528999 10.562181 0.000000
10.562181 10.595362 0.000000
10.595362 10.628543 0.000000
10.628543 10.661725 0.000000
10.661725 10.694906 0.000000
10.694906 10.728088 0.000000
10.728088 10.761269 0.000000
10.761269 10.794451 0.000000
10.794451 10.827632 0.000000
10.827632 10.860813 0.000000
10.860813 10.893995 0.000000
10.893995 10.927176 0.000000
10.927176 10.960358 0.000000
10.960358 10.993539 0.000000
10.993539 11.026721 0.000000
11.026721 11.059902 0.000000
11.059902 11.093083 0.000000
11.093083 11.126265 0.000000
11.126265 11.159446 0.000000
11.159446 11.192628 0.000000
11.192628 11.225809 0.000000
11.225809 11.258990 0.000000
11.258990 11.292172 0.000000
11.292172 11.325353 0.000000
11.325353 11.358535 0.000000
11.358535 11.391716 0.000000
11.391716 11.424898 0.000000
11.424898 11.458079 0.000000
11.458079 11.491260 0.000000
11.491260 11.524442 0.000000
11.524442 11.557623 0.000000
11.557623 11.590805 0.000000
11.590805 11.623986 0.000000
11.623986 11.657168 0.000000
11.657168 11.690349 0.000000
11.690349 11.723530 0.000000
11.723530 11.756712 0.000000
11.756712 11.789893 0.000000
11.789893 11.823075 0.000000
11.823075 11.856256 0.000000
11.856256 11.889437 0.000000
11.889437 11.922619 0.000000
11.922619 11.955800 0.000000
11.955800 11.988982 0.000000
11.988982 12.022163 0.000000
12.022163 12.055345 0.000000
12.055345 12.088526 0.000000
12.088526 12.121707 0.000000
12.121707 12.154889 0.000000
12.154889 12.188070 0.000000
12.188070 12.221252 0.000000
12.221252 12.254433 0.000000
12.254433 12.287615 0.000000
12.287615 12.320796 0.000000
12.320796 12.353977 0.000000
12.353977 12.387159 0.000000
12.387159 12.420340 0.000000
12.420340 12.453522 0.000000
12.453522 12.486703 0.000000
12.486703 12.519884 0.000000
12.519884 12.553066 0.000000
12.553066 12.586247 0.000000
12.586247 12.619429 0.000000
12.619429 12.652610 0.000000
12.652610 12.685792 0.000000
12.685792 12.718973 0.000000
12.718973 12.752154 0.000000
12.752154 12.785336 0.000000
12.785336 12.818517 0.000000
12.818517 12.851699 0.000000
12.851699 12.884880 0.000000
12.884880 12.918062 0.000000
12.918062 12.951243 0.000000
12.951243 12.984424 0.000000
12.984424 13.017606 0.000000
13.017606 13.050787 0.000000
13.050787 13.083969 0.000000
13.083969 13.117150 0.000000
13.117150 13.150331 0.000000
13.150331 13.183513 0.000000
13.183513 13.216694 0.000000
13.216694 13.249876 0.000000
13.249876 13.283057 0.000000
13.283057 13.316239 0.000000
13.316239 13.349420 0.000000
13.349420 13.382601 0.000000
13.382601 13.415783 0.000000
13.415783 13.448964 0.000000
13.448964 13.482146 0.000000
13.482146 13.515327 0.000000
13.515327 13.548509 0.000000
13.548509 13.581690 0.000000
13.581690 13.614871 0.000000
13.614871 13.648053 0.000000
13.648053 13.681234 0.000000
13.681234 13.714416 0.000000
13.714416 13.747597 0.000000
13.747597 13.780778 0.000000
13.780778 13.813960 0.000000
13.813960 13.847141 0.000000
13.847141 13.880323 0.000000
13.880323 13.913504 0.000000
13.913504 13.946686 0.000000
13.946686 13.979867 0.000000
13.979867 14.013048 0.000000
14.013048 14.046230 0.000000
14.046230 14.079411 0.000000
14.079411 14.112593 0.000000
14.112593 14.145774 0.000000
14.145774 14.178956 0.000000
14.178956 14.212137 0.000000
14.212137 14.245318 0.000000
14.245318 14.278500 0.000000
14.278500 14.311681 0.000000
14.311681 14.344863 0.000000
14.344863 14.378044 0.000000
14.378044 14.411225 0.000000
14.411225 14.444407 0.000000
14.444407 14.477588 0.000000
