1.150304 1.210220 71.000000
1.210220 1.270136 0.000000
1.270136 1.330052 0.000000
1.330052 1.389968 0.000000
1.389968 1.449884 0.000000
1.449884 1.509800 0.000000
1.509800 1.569716 0.000000
1.569716 1.629632 0.000000
1.629632 1.689548 0.000000
1.689548 1.749464 340.000000
1.749464 1.809380 0.000000
1.809380 1.869296 0.000000
1.869296 1.929212 0.000000
1.929212 1.989128 0.000000
1.989128 2.049044 0.000000
2.049044 2.108960 0.000000
2.108960 2.168876 0.000000
2.168876 2.228792 0.000000
2.228792 2.288708 0.000000
2.288708 2.348624 0.000000
2.348624 2.408540 0.000000
2.408540 2.468456 0.000000
2.468456 2.528373 0.000000
2.528373 2.588289 0.000000
2.588289 2.648205 0.000000
2.648205 2.708121 0.000000
2.708121 2.768037 0.000000
2.768037 2.827953 0.000000
2.827953 2.887869 0.000000
2.887869 2.947785 0.000000
2.947785 3.007701 0.000000
3.007701 3.067617 0.000000
3.067617 3.127533 0.000000
3.127533 3.187449 0.000000
3.187449 3.247365 0.000000
3.247365 3.307281 0.000000
3.307281 3.367197 0.000000
3.367197 3.427113 0.000000
3.427113 3.487029 0.000000
3.487029 3.546945 0.000000
3.546945 3.606861 0.000000
3.606861 3.666777 0.000000
3.666777 3.726693 0.000000
3.726693 3.786609 0.000000
3.786609 3.846526 0.000000
3.846526 3.906442 0.000000
3.906442 3.966358 0.000000
3.966358 4.026274 0.000000
4.026274 4.086190 0.000000
4.086190 4.146106 0.000000
4.146106 4.206022 0.000000
4.206022 4.265938 0.000000
4.265938 4.325854 0.000000
4.325854 4.385770 0.000000
4.385770 4.445686 0.000000
4.445686 4.505602 0.000000
4.505602 4.565518 0.000000
4.565518 4.625434 0.000000
4.625434 4.685350 0.000000
4.685350 4.745266 0.000000
4.745266 4.805182 0.000000
4.805182 4.865098 0.000000
4.865098 4.925014 0.000000
4.925014 4.984930 0.000000
4.984930 5.044846 0.000000
5.044846 5.104762 0.000000
5.104762 5.164678 0.000000
5.164678 5.224595 0.000000
5.224595 5.284511 0.000000
5.284511 5.344427 0.000000
5.344427 5.404343 0.000000
5.404343 5.464259 86.000000
5.464259 5.524175 0.000000
5.524175 5.584091 0.000000
5.584091 5.644007 0.000000
5.644007 5.703923 0.000000
5.703923 5.763839 0.000000
5.763839 5.823755 0.000000
5.823755 5.883671 0.000000
5.883671 5.943587 0.000000
5.943587 6.003503 0.000000
6.003503 6.063419 0.000000
6.063419 6.123335 0.000000
6.123335 6.183251 0.000000
6.183251 6.243167 0.000000
6.243167 6.303083 0.000000
6.303083 6.362999 23.000000
6.362999 6.422915 0.000000
6.422915 6.482831 0.000000
6.482831 6.542747 0.000000
6.542747 6.602664 0.000000
6.602664 6.662580 0.000000
6.662580 6.722496 0.000000
6.722496 6.782412 0.000000
6.782412 6.842328 0.000000
6.842328 6.902244 0.000000
6.902244 6.962160 0.000000
6.962160 7.022076 0.000000
7.022076 7.081992 0.000000
7.081992 7.141908 0.000000
7.141908 7.201824 7.000000
7.201824 7.261740 0.000000
7.261740 7.321656 0.000000
7.321656 7.381572 0.000000
7.381572 7.441488 0.000000
7.441488 7.501404 0.000000
7.501404 7.561320 0.000000
7.561320 7.621236 0.000000
7.621236 7.681152 0.000000
7.681152 7.741068 0.000000
7.741068 7.800984 0.000000
7.800984 7.860900 0.000000
7.860900 7.920817 0.000000
7.920817 7.980733 0.000000
7.980733 8.040649 0.000000
8.040649 8.100565 0.000000
8.100565 8.160481 0.000000
8.160481 8.220397 0.000000
8.220397 8.280313 0.000000
8.280313 8.340229 0.000000
8.340229 8.400145 0.000000
8.400145 8.460061 45.000000
8.460061 8.519977 0.000000
8.519977 8.579893 0.000000
8.579893 8.639809 0.000000
8.639809 8.699725 0.000000
8.699725 8.759641 0.000000
8.759641 8.819557 0.000000
8.819557 8.879473 0.000000
8.879473 8.939389 0.000000
8.939389 8.999305 0.000000
8.999305 9.059221 0.000000
9.059221 9.119137 0.000000
9.119137 9.179053 0.000000
9.179053 9.238969 0.000000
9.238969 9.298886 0.000000
9.298886 9.358802 0.000000
9.358802 9.418718 0.000000
9.418718 9.478634 0.000000
9.478634 9.538550 0.000000
9.538550 9.598466 0.000000
9.598466 9.658382 0.000000
9.658382 9.718298 0.000000
9.718298 9.778214 0.000000
9.778214 9.838130 0.000000
9.838130 9.898046 0.000000
9.898046 9.957962 0.000000
9.957962 10.017878 1028.000000
10.017878 10.077794 0.000000
10.077794 10.137710 0.000000
10.137710 10.197626 0.000000
10.197626 10.257542 0.000000
10.257542 10.317458 0.000000
10.317458 10.377374 0.000000
10.377374 10.437290 0.000000
10.437290 10.497206 0.000000
10.497206 10.557122 0.000000
10.557122 10.617038 0.000000
10.617038 10.676955 0.000000
10.676955 10.736871 0.000000
10.736871 10.796787 0.000000
10.796787 10.856703 0.000000
10.856703 10.916619 0.000000
10.916619 10.976535 0.000000
10.976535 11.036451 0.000000
11.036451 11.096367 0.000000
11.096367 11.156283 0.000000
11.156283 11.216199 21.000000
11.216199 11.276115 25.000000
11.276115 11.336031 0.000000
11.336031 11.395947 0.000000
11.395947 11.455863 0.000000
11.455863 11.515779 0.000000
11.515779 11.575695 0.000000
11.575695 11.635611 0.000000
11.635611 11.695527 0.000000
11.695527 11.755443 0.000000
11.755443 11.815359 0.000000
11.815359 11.875275 0.000000
11.875275 11.935191 0.000000
11.935191 11.995107 0.000000
11.995107 12.055024 0.000000
12.055024 12.114940 0.000000
12.114940 12.174856 0.000000
12.174856 12.234772 0.000000
12.234772 12.294688 0.000000
12.294688 12.354604 0.000000
12.354604 12.414520 0.000000
12.414520 12.474436 0.000000
12.474436 12.534352 0.000000
12.534352 12.594268 0.000000
12.594268 12.654184 0.000000
12.654184 12.714100 0.000000
12.714100 12.774016 0.000000
12.774016 12.833932 0.000000
12.833932 12.893848 0.000000
12.893848 12.953764 0.000000
12.953764 13.013680 0.000000
13.013680 13.073596 0.000000
13.073596 13.133512 0.000000
