                            -10.80395196         -2.700987989        -0.6752469972        -0.1688117493
        -10.80395196         -2.700987989        -0.6752469972        -0.1688117493
        -10.80395196         -2.700987989        -0.6752469972        -0.1688117493
        -10.80395196         -2.700987989        -0.6752469972        -0.1688117493
        -10.80395196         -2.700987989        -0.6752469972        -0.1688117493
        -10.80395196         -2.700987989        -0.6752469972        -0.1688117493
        -10.80395196         -2.700987989        -0.6752469972        -0.1688117493
        -10.80395196         -2.700987989        -0.6752469972        -0.1688117493
        -10.80395196         -2.700987989        -0.6752469972        -0.1688117493
        -10.80395196         -2.700987989        -0.6752469972        -0.1688117493
        -10.80395196         -2.700987989        -0.6752469972        -0.1688117493
        -10.80395196         -2.700987989        -0.6752469972        -0.1688117493
        -10.80395196         -2.700987989        -0.6752469972        -0.1688117493
        -10.80395196         -2.700987989        -0.6752469972        -0.1688117493
        -10.80395196         -2.700987989        -0.6752469972        -0.1688117493
        -10.80395196         -2.700987989        -0.6752469972        -0.1688117493
        -10.80395196         -2.700987989        -0.6752469972        -0.1688117493
        -10.80395196         -2.700987989        -0.6752469972        -0.1688117493
        -10.80395196         -2.700987989        -0.6752469972        -0.1688117493
        -10.80395196         -2.700987989        -0.6752469972        -0.1688117493
        -10.80395196         -2.700987989        -0.6752469972        -0.1688117493
        -10.80395196         -2.700987989        -0.6752469972        -0.1688117493
        -10.80395196         -2.700987989        -0.6752469972        -0.1688117493
        -10.80395196         -2.700987989        -0.6752469972        -0.1688117493
        -10.80395196         -2.700987989        -0.6752469972        -0.1688117493
        -10.80395196         -2.700987989        -0.6752469972        -0.1688117493
        -10.80395196         -2.700987989        -0.6752469972        -0.1688117493
        -10.80395196         -2.700987989        -0.6752469972        -0.1688117493
        -10.80395196         -2.700987989        -0.6752469972        -0.1688117493
        -10.80395196         -2.700987989        -0.6752469972        -0.1688117493
        -10.80395196         -2.700987989        -0.6752469972        -0.1688117493
        -10.80395196         -2.700987989        -0.6752469972        -0.1688117493
        -10.80395196         -2.700987989        -0.6752469972        -0.1688117493
        -10.80395196         -2.700987989        -0.6752469972        -0.1688117493
        -10.80395196         -2.700987989        -0.6752469972        -0.1688117493
        -10.80395196         -2.700987989        -0.6752469972        -0.1688117493
        -10.80395196         -2.700987989        -0.6752469972        -0.1688117493
        -10.80395196         -2.700987989        -0.6752469972        -0.1688117493
        -10.80395196         -2.700987989        -0.6752469972        -0.1688117493
        -10.80395196         -2.700987989        -0.6752469972        -0.1688117493
        -10.80395196         -2.700987989        -0.6752469972        -0.1688117493
        -10.80395196         -2.700987989        -0.6752469972        -0.1688117493
        -10.80395196         -2.700987989        -0.6752469972        -0.1688117493
        -10.80395196         -2.700987989        -0.6752469972        -0.1688117493
        -10.80395196         -2.700987989        -0.6752469972        -0.1688117493
        -10.80395196         -2.700987989        -0.6752469972        -0.1688117493
        -10.80395196         -2.700987989        -0.6752469972        -0.1688117493
        -10.80395196         -2.700987989        -0.6752469972        -0.1688117493
        -10.80395196         -2.700987989        -0.6752469972        -0.1688117493
        -10.80395196         -2.700987989        -0.6752469972        -0.1688117493
        -10.80395196         -2.700987989        -0.6752469972        -0.1688117493
        -10.80395196         -2.700987989        -0.6752469972        -0.1688117493
        -10.80395196         -2.700987989        -0.6752469972        -0.1688117493
        -10.80395196         -2.700987989        -0.6752469972        -0.1688117493
        -10.80395196         -2.700987989        -0.6752469972        -0.1688117493
        -10.80395196         -2.700987989        -0.6752469972        -0.1688117493
        -10.80395196         -2.700987989        -0.6752469972        -0.1688117493
        -10.80395196         -2.700987989        -0.6752469972        -0.1688117493
        -10.80395196         -2.700987989        -0.6752469972        -0.1688117493
        -10.80395196         -2.700987989        -0.6752469972        -0.1688117493
        -10.80395196         -2.700987989        -0.6752469972        -0.1688117493
        -10.80395196         -2.700987989        -0.6752469972        -0.1688117493
        -10.80395196         -2.700987989        -0.6752469972        -0.1688117493
        -10.80395196         -2.700987989        -0.6752469972        -0.1688117493
        -10.80395196         -2.700987989        -0.6752469972        -0.1688117493
        -10.80395196         -2.700987989        -0.6752469972        -0.1688117493
        -10.80395196         -2.700987989        -0.6752469972        -0.1688117493
        -10.80395196         -2.700987989        -0.6752469972        -0.1688117493
        -10.80395196         -2.700987989        -0.6752469972        -0.1688117493
        -10.80395196         -2.700987989        -0.6752469972        -0.1688117493
        -10.80395196         -2.700987989        -0.6752469972        -0.1688117493
        -10.80395196         -2.700987989        -0.6752469972        -0.1688117493
        -10.80395196         -2.700987989        -0.6752469972        -0.1688117493
        -10.80395196         -2.700987989        -0.6752469972        -0.1688117493
        -10.80395196         -2.700987989        -0.6752469972        -0.1688117493
        -10.80395196         -2.700987989        -0.6752469972        -0.1688117493
        -10.80395196         -2.700987989        -0.6752469972        -0.1688117493
        -10.80395196         -2.700987989        -0.6752469972        -0.1688117493
        -10.80395196         -2.700987989        -0.6752469972        -0.1688117493
        -10.80395196         -2.700987989        -0.6752469972        -0.1688117493
        -10.80395196         -2.700987989        -0.6752469972        -0.1688117493
        -10.80395196         -2.700987989        -0.6752469972        -0.1688117493
        -10.80395196         -2.700987989        -0.6752469972        -0.1688117493
        -10.80395196         -2.700987989        -0.6752469972        -0.1688117493
        -10.80395196         -2.700987989        -0.6752469972        -0.1688117493
        -10.80395196         -2.700987989        -0.6752469972        -0.1688117493
        -10.80395196         -2.700987989        -0.6752469972        -0.1688117493
        -10.80395196         -2.700987989        -0.6752469972        -0.1688117493
        -10.80395196         -2.700987989        -0.6752469972        -0.1688117493
        -10.80395196         -2.700987989        -0.6752469972        -0.1688117493
        -10.80395196         -2.700987989        -0.6752469972        -0.1688117493
        -10.80395196         -2.700987989        -0.6752469972        -0.1688117493
        -10.80395196         -2.700987989        -0.6752469972        -0.1688117493
        -10.80395196         -2.700987989        -0.6752469972        -0.1688117493
        -10.80395196         -2.700987989        -0.6752469972        -0.1688117493
        -10.80395196         -2.700987989        -0.6752469972        -0.1688117493
        -10.80395196         -2.700987989        -0.6752469972        -0.1688117493
        -10.80395196         -2.700987989        -0.6752469972        -0.1688117493
        -10.80395196         -2.700987989        -0.6752469972        -0.1688117493
