0.000336 0.225333 993.000000
0.225333 0.450329 1127.000000
0.450329 0.675325 1138.000000
0.675325 0.900322 1046.000000
0.900322 1.125318 1023.000000
1.125318 1.350315 979.000000
1.350315 1.575311 1206.000000
1.575311 1.800308 924.000000
1.800308 2.025304 1030.000000
2.025304 2.250300 1033.000000
2.250300 2.475297 949.000000
2.475297 2.700293 1031.000000
2.700293 2.925290 869.000000
2.925290 3.150286 867.000000
3.150286 3.375283 1122.000000
3.375283 3.600279 1010.000000
3.600279 3.825275 926.000000
3.825275 4.050272 823.000000
4.050272 4.275268 971.000000
4.275268 4.500265 874.000000
4.500265 4.725261 877.000000
4.725261 4.950258 759.000000
4.950258 5.175254 848.000000
5.175254 5.400250 987.000000
5.400250 5.625247 868.000000
5.625247 5.850243 774.000000
5.850243 6.075240 742.000000
6.075240 6.300236 721.000000
6.300236 6.525232 818.000000
6.525232 6.750229 609.000000
6.750229 6.975225 692.000000
6.975225 7.200222 853.000000
7.200222 7.425218 694.000000
7.425218 7.650215 761.000000
7.650215 7.875211 739.000000
7.875211 8.100207 737.000000
8.100207 8.325204 654.000000
8.325204 8.550200 690.000000
8.550200 8.775197 579.000000
8.775197 9.000193 645.000000
9.000193 9.225190 686.000000
9.225190 9.450186 573.000000
9.450186 9.675182 562.000000
9.675182 9.900179 770.000000
9.900179 10.125175 1663.000000
10.125175 10.350172 703.000000
10.350172 10.575168 658.000000
10.575168 10.800165 620.000000
10.800165 11.025161 574.000000
11.025161 11.250157 639.000000
11.250157 11.475154 636.000000
11.475154 11.700150 693.000000
11.700150 11.925147 629.000000
11.925147 12.150143 693.000000
12.150143 12.375139 663.000000
12.375139 12.600136 627.000000
12.600136 12.825132 577.000000
12.825132 13.050129 566.000000
13.050129 13.275125 497.000000
13.275125 13.500122 511.000000
13.500122 13.725118 571.000000
13.725118 13.950114 459.000000
13.950114 14.175111 530.000000
14.175111 14.400107 604.000000
14.400107 14.625104 600.000000
14.625104 14.850100 462.000000
14.850100 15.075097 529.000000
15.075097 15.300093 500.000000
15.300093 15.525089 522.000000
15.525089 15.750086 539.000000
15.750086 15.975082 471.000000
15.975082 16.200079 581.000000
16.200079 16.425075 471.000000
16.425075 16.650072 509.000000
16.650072 16.875068 471.000000
16.875068 17.100064 494.000000
17.100064 17.325061 478.000000
17.325061 17.550057 472.000000
17.550057 17.775054 455.000000
17.775054 18.000050 450.000000
18.000050 18.225046 426.000000
18.225046 18.450043 460.000000
18.450043 18.675039 495.000000
18.675039 18.900036 479.000000
18.900036 19.125032 491.000000
19.125032 19.350029 446.000000
19.350029 19.575025 408.000000
19.575025 19.800021 527.000000
19.800021 20.025018 425.000000
20.025018 20.250014 499.000000
20.250014 20.475011 415.000000
20.475011 20.700007 444.000000
20.700007 20.925004 421.000000
20.925004 21.150000 417.000000
21.150000 21.374996 452.000000
21.374996 21.599993 455.000000
21.599993 21.824989 468.000000
21.824989 22.049986 391.000000
22.049986 22.274982 446.000000
22.274982 22.499979 424.000000
22.499979 22.724975 420.000000
22.724975 22.949971 418.000000
22.949971 23.174968 391.000000
23.174968 23.399964 458.000000
23.399964 23.624961 362.000000
23.624961 23.849957 404.000000
23.849957 24.074954 378.000000
24.074954 24.299950 341.000000
24.299950 24.524946 449.000000
24.524946 24.749943 364.000000
24.749943 24.974939 387.000000
24.974939 25.199936 382.000000
25.199936 25.424932 377.000000
25.424932 25.649928 383.000000
25.649928 25.874925 342.000000
25.874925 26.099921 341.000000
26.099921 26.324918 354.000000
26.324918 26.549914 344.000000
26.549914 26.774911 294.000000
26.774911 26.999907 399.000000
26.999907 27.224903 368.000000
27.224903 27.449900 310.000000
27.449900 27.674896 371.000000
27.674896 27.899893 357.000000
27.899893 28.124889 347.000000
28.124889 28.349886 365.000000
28.349886 28.574882 365.000000
28.574882 28.799878 355.000000
28.799878 29.024875 440.000000
29.024875 29.249871 348.000000
29.249871 29.474868 324.000000
29.474868 29.699864 353.000000
29.699864 29.924861 392.000000
29.924861 30.149857 262.000000
30.149857 30.374853 436.000000
30.374853 30.599850 355.000000
30.599850 30.824846 427.000000
30.824846 31.049843 319.000000
31.049843 31.274839 306.000000
31.274839 31.499835 333.000000
31.499835 31.724832 301.000000
31.724832 31.949828 366.000000
31.949828 32.174825 296.000000
32.174825 32.399821 352.000000
32.399821 32.624818 340.000000
32.624818 32.849814 282.000000
32.849814 33.074810 294.000000
33.074810 33.299807 283.000000
33.299807 33.524803 281.000000
33.524803 33.749800 276.000000
33.749800 33.974796 312.000000
33.974796 34.199793 533.000000
34.199793 34.424789 333.000000
34.424789 34.649785 291.000000
34.649785 34.874782 322.000000
34.874782 35.099778 316.000000
35.099778 35.324775 269.000000
35.324775 35.549771 301.000000
35.549771 35.774768 358.000000
35.774768 35.999764 314.000000
35.999764 36.224760 278.000000
36.224760 36.449757 279.000000
36.449757 36.674753 282.000000
36.674753 36.899750 291.000000
36.899750 37.124746 300.000000
37.124746 37.349742 394.000000
37.349742 37.574739 280.000000
37.574739 37.799735 328.000000
37.799735 38.024732 255.000000
38.024732 38.249728 324.000000
38.249728 38.474725 257.000000
38.474725 38.699721 303.000000
38.699721 38.924717 201.000000
38.924717 39.149714 299.000000
39.149714 39.374710 307.000000
39.374710 39.599707 325.000000
39.599707 39.824703 360.000000
39.824703 40.049700 264.000000
40.049700 40.274696 319.000000
40.274696 40.499692 239.000000
40.499692 40.724689 296.000000
40.724689 40.949685 269.000000
40.949685 41.174682 349.000000
41.174682 41.399678 214.000000
41.399678 41.624675 291.000000
41.624675 41.849671 266.000000
41.849671 42.074667 321.000000
42.074667 42.299664 221.000000
42.299664 42.524660 255.000000
42.524660 42.749657 249.000000
42.749657 42.974653 241.000000
42.974653 43.199650 162.000000
43.199650 43.424646 194.000000
43.424646 43.649642 310.000000
43.649642 43.874639 259.000000
43.874639 44.099635 276.000000
44.099635 44.324632 196.000000
44.324632 44.549628 250.000000
44.549628 44.774624 390.000000
44.774624 44.999621 277.000000
